0
0
100
0
100
64
18
64
18
57
0
57
0
0
18
57
25
59
30
64
18
64
18
57
18
57
0
57
0
42
9
49
18
57
0
42
8
37
21
47
42
54
30
64
25
59
18
57
9
49
0
42
8
37
17
36
23
41
36
46
45
44
42
54
21
47
8
37
17
36
8
37
0
42
0
26
23
26
24
30
28
31
17
36
17
36
28
31
35
24
36
46
23
41
17
36
35
24
28
31
24
30
23
26
35
24
30
64
42
54
41
60
42
64
30
64
35
24
46
31
50
35
45
44
36
46
35
24
42
54
45
44
50
35
53
38
54
47
42
54
41
60
42
54
54
47
72
40
75
44
69
47
46
58
42
64
41
60
42
64
46
58
69
47
70
52
55
64
42
64
53
38
58
40
63
40
70
35
72
40
54
47
53
38
70
35
66
29
64
25
71
22
75
26
83
35
87
40
81
47
75
44
72
40
70
35
69
47
75
44
81
47
92
64
75
64
70
52
69
47
55
64
70
52
75
64
55
64
70
35
63
40
58
40
61
34
58
31
60
27
66
29
70
35
66
29
60
27
54
24
50
20
54
9
59
7
62
19
64
25
66
29
46
31
50
28
54
30
54
34
61
34
58
40
53
38
46
31
50
28
54
24
60
27
58
31
61
34
54
34
54
30
50
28
54
24
50
28
46
31
46
23
50
20
54
24
35
24
41
10
50
20
46
23
46
31
35
24
81
47
87
40
92
46
96
48
96
64
92
64
81
47
41
10
35
24
23
26
23
20
34
8
37
11
41
10
100
64
96
64
96
48
100
46
100
64
62
19
66
17
71
22
64
25
62
19
59
7
71
4
70
11
66
17
62
19
59
7
66
17
70
11
71
4
77
15
78
23
75
26
66
17
41
10
45
5
50
4
50
0
61
0
54
9
50
20
41
10
34
8
37
5
37
0
50
0
50
4
45
5
41
10
37
11
34
8
0
0
37
0
37
5
34
8
23
20
17
20
0
0
54
9
61
0
69
0
71
4
59
7
54
9
0
0
17
20
17
26
0
26
0
0
23
26
17
26
17
20
23
20
23
26
69
0
85
0
85
9
81
11
77
15
71
4
69
0
77
15
81
11
85
9
85
16
78
23
77
15
85
0
100
0
100
23
95
21
90
11
85
9
85
0
85
9
90
11
95
21
91
23
85
16
85
9
78
23
85
16
91
23
88
28
83
28
78
23
75
26
78
23
83
28
88
28
83
35
75
26
83
35
88
28
91
23
95
21
95
28
87
40
83
35
87
40
95
28
100
36
100
46
96
48
92
46
87
40
95
21
100
23
100
36
95
28
95
21
