0
0
100
0
100
64
51
64
51
59
25
59
25
64
0
64
0
0
25
37
33
51
25
59
25
37
33
51
51
54
51
59
25
59
33
51
31
0
66
0
66
7
62
14
49
14
38
6
31
0
51
54
67
64
51
64
51
54
51
54
73
50
75
59
67
64
51
54
66
0
100
0
92
8
66
7
66
0
75
59
73
50
86
56
93
53
100
53
100
64
67
64
75
59
85
35
95
34
100
34
100
53
93
53
94
41
85
35
89
15
92
8
100
0
100
27
94
27
89
24
89
15
94
27
100
27
100
34
95
34
94
27
62
14
66
7
92
8
89
15
62
14
95
34
85
35
66
27
68
19
89
24
94
27
95
34
62
14
89
15
89
24
68
19
62
14
49
14
62
14
68
19
66
27
57
35
54
26
49
19
49
14
66
27
85
35
94
41
93
53
73
38
66
27
93
53
86
56
73
50
73
38
93
53
57
35
66
27
73
38
73
50
57
35
73
50
51
54
51
32
54
26
57
35
73
50
54
26
51
32
42
31
38
35
38
26
46
24
49
19
54
26
38
26
31
27
30
22
49
19
46
24
38
26
49
19
30
22
27
19
22
18
38
6
49
14
49
19
22
18
27
19
30
22
31
27
25
37
24
28
23
22
22
18
25
37
31
27
33
34
37
46
33
51
25
37
38
35
33
34
31
27
38
26
38
35
33
34
38
35
51
54
33
51
37
46
33
34
38
35
42
31
51
44
51
54
38
35
42
31
51
32
51
44
42
31
25
64
18
64
18
41
20
37
25
37
25
64
25
37
20
37
20
28
24
28
25
37
20
37
18
41
11
46
14
34
14
28
20
28
20
37
38
6
22
18
14
13
14
7
38
6
38
6
14
7
3
7
11
0
31
0
38
6
11
0
3
7
0
13
0
0
11
0
23
22
4
19
4
13
14
13
22
18
23
22
24
28
14
28
9
26
4
23
0
19
4
19
23
22
24
28
4
19
0
19
0
13
4
13
4
19
0
19
4
23
9
26
5
36
0
50
0
19
5
36
9
26
14
28
14
34
5
36
0
50
5
36
14
34
11
46
7
48
0
50
7
48
11
46
18
41
18
56
7
48
18
64
0
64
18
56
18
64
7
48
0
64
0
50
7
48
0
64
7
48
18
56
0
64
0
13
3
7
8
7
8
13
0
13
14
13
8
13
8
7
14
7
14
13
